0 			0 			2.69983		1.73		0.08722
0			0			4.02495		1.73		0.08722
0 			0 			5.36660		1.73		0.08029
0			0			6.70825		1.73		0.07330
0 			0 			8.04990 	1.73		0.06632
0			0			9.05614		1.73		0.06021
0 			0 			10.06238	1.73		0.05498
0			0			11.40403	1.73		0.04887
0.01283		0			12.91606	1.73		0.04144
0.01283		0			14.08733	1.74708		0.03446
0.01283		0			15.42898	1.74708		0.02793
0.01283		0			16.43521	1.74708		0.02182
0.01283		0			17.44145	1.74708		0.01658
0.01283		0			18.78310	1.74708		0.01047
-0.01533	0			19.74238	1.74708		0.00449
-0.01533	0			20.12475	1.85975		0.00099
-0.01533	0			21.46640	1.85975		-0.00349
-0.02817	0			22.49974	1.85975		-0.00967
0			0			23.15473	1.84267		-0.01406
0			0			23.26636	1.73		-0.01606
0			0			24.41803	1.73		-0.01934
-0.08742 	0			25.14520	1.73		-0.02374
-0.27250 	0			25.62552	1.84103		-0.02737
-0.41900 	0			26.16218	1.84103		-0.03002
-0.51667 	0			26.43051	1.84103		-0.03211
-0.58992 	0			26.69884	1.84103		-0.03351
-0.58992	0			26.83300	1.84103		-0.03456